12034463743
12034479503
12034474802
12034463579
12034479513
12034479518
12034478639
12034474817
12034474961
12034474966
12034481916
12034481921
12034482055
12034476565
12034476569
12034476449
12034454683
12034439213
12034434375
12034443407
12034360848
11951265117
11951265109
12034357089
12034495868
12034496035
12034436387
12034454598
12034454690
12034439122
12034684702
12034684685
12034683279
12034355560
12034360722
12034496511
12034423053
12034684725
12034698941
12034684745
12034355264
12034360723
12034496329
12034422572
12034435515
12034697855
12034361973
12034360860
12034497592
12034422428
12034436833
12034435504
12034419640
12034374742
12034360868
12034474707
12034454724
12034436834
12034342430
12034342508
12034482825
12034421882
12034438210
12034659293
12034359619
12034718804
11597199798
12034659420
12034360880
12034718537
11597199841
12034436732
12034353716
12034362786
12034360742
12034718531
12034480210
12034482705
12034482735
12034474506
12034474719
12034477049
12034455233
12034683318
12034422909
12034419978
12034704940
12034659380
12034355250
12034353717
12034353669
12034358280
12034362788
12034661559
12034658477
12034322074
12034337125
12034337130
12034337248
12034336465
12034336555
12034145450
12034644456
12034657149
12034422858
12034358186
12034358287
12034360750
12034361846
12034361736
12034374657
12034374778
12034436112
12034454912
12034358191
12034355946
12034359565
12034359646
12034361704
12034374663
12034356165
12034436018
12034439289
12034698537
12034359323
12034355828
12034362728
12034362807
12034359706
12034359711
12034356083
12034374670
12034454233
12034423140
12034358728
12034357935
12034355959
12034355962
12034374675
12034374679
12034480198
12034440029
12034423007
12034658730
12034358733
12034357042
12034342476
12034342588
12034480195
12034454570
12034419584
12034662808
12034357308
12034475880
12034439806
12034358320
12034357317
12034362742
12034356207
12034362829
12034455276
12034358326
12034357972
12034355870
12034719752
12034422806
12034455282
12034455362
12034454528
12034454586
12034439932
12034358225
12034357442
12034357840
12034359367
12034359480
12034358170
12034361766
12034663187
12034662060
12034356513
12034362345
12034362356
12034362529
12034353146
12034659258
12034374349
12034354024
12034354859
12034354559
12034342068
12034342121
12034342206
12034361192
12034661201
12034661218
12034661242
12034659986
12034658467
12034322143
4852205797
12034334815
12034338195
12034338268
12034656598
12034321145
12034321194
12034361562
12034356362
12034362365
12034362532
12034342704
12034342845
12034374281
12034362249
12034354025
12034354159
12034354864
12034354379
12034342212
12034658659
12034334192
12034361440
12034342723
12034342859
12034360367
12034662174
12034358511
12034362181
12034358098
12034354163
12034353582
12034342086
12034342218
12034361248
12034334574
12034356696
12034356845
12034342733
12034359096
12034360371
12034358389
12034374358
12034354038
12034353964
12034353319
12034353586
12034354583
12034361212
12034334574
12034362399
12034358932
12034358937
12034374962
12034362891
12034373839
12034358133
12034353428
12034354402
12034342234
12034320522
12034356537
12034353167
12034353218
12034360701
12034374899
12034362192
12034358104
12034360039
12034360129
12034354702
12034342114
12034335941
12034320543
9809920648
12034361612
12034362584
12034353293
12034360551
12034358540
12034374375
12034358136
12034353445
12034353607
12034354438
12034338112
12034656576
12034334006
12034644530
12034335642
12034361484
12034361616
12034362278
12034353184
12034360392
12034358413
12034358545
12034358548
12034659266
12034192658
12034373863
12034374318
12034374321
12034354198
12034353449
12034359194
12034354605
12034354613
12034322168
12034145454
12034338064
12034320551
12034657526
12034361488
12034360685
12034362598
12034342892
12034359125
12034353931
12034192666
12034373872
12034374325
12034354068
12034374870
12034353615
12034339074
11209026550
11209026583
12034356301
12034356402
12034362600
12034353317
12034356256
12034373878
12034374545
12034353458
12034338024
9730504959
12034356752
12034361501
12034361638
12034362442
12034362448
12034353113
12034661866
12034373781
12034373887
12034354211
12034354213
12034359175
12034335339
9730421600
12034360629
12034356602
12034362456
12034362615
12034361666
12034356034
12034355484
12034373898
12034354618
12034354079
12034335323
12034356758
12034361690
12034658847
12034356020
12034362205
12034373796
12034354680
12034354661
12034359989
12034337668
12034337672
12034321446
12034356761
12034354222
12034322183
12034322182
12034337675
12034337664
12034334767
12034644070
2940787208
12034322900
12034333906
12034339005
12034322906
12034339007
11289137114
11289137120
11291641345
11291641331
12034360227
12034661775
12034360463
12034360615
12034322395
12034322202
12034333135
12034333134
12034657622
12034657612
12034657664
12034339108
11289136992
12034339189
12840439992
12034339127
12034322492
12840439985
12840439950
12034339739
12034339821
12034322478
12840439956
12034642997
12034337442
12034339741
12034322478
12034336949
12034340121
12034356781
12034336635
12034339747
12034322526
12034322468
12034358029
12034356785
12034356819
12190458749
12034337454
12034339832
12034340553
12034356796
12034657939
12034340229
12034356801
12034339842
12034339543
12034336956
12034340557
12034643304
12034340230
12034333826
11289131168
3747730139
12034339476
9296628140
12034358044
12034339926
12034339471
12034655449
12034643484
11289131152
12034360272
12034338857
12034333019
12034643757
11793971969
11290049932
11289131131
11289131142
12034355536
12034337003
12034139659
12034335082
11289831301
12034338830
12034336905
11289783857
11819720610
12034334279
12034334282
12034334337
12034322678
12034322587
12034320264
12034321739
12034335531
12034336800
12034321690
12034335496
12034336762
12034335367
12034335356
12034320599
12034338799
12034321755
12034334360
12034644157
12034657821
12034340021
12034320592
12034320741
12034336809
12034338880
12034321713
12034321715
12034321760
12034334301
12034645234
12034333315
12190306961
12190339351
12034334983
12034333107
12034340049
11606543698
12034320215
11606234718
12034336822
12034333292
11606234749
12034336783
12034336823
12034321883
12034320752
12034320756
12034336785
12034336787
5084855140
12034321764
12034321769
12034334999
12034276224
12034276256
12034335580
11606234605
12034338784
11606234646
12034337643
11606234735
11606234691
12034320684
12034276228
12034276231
12034644754
12034339235
12034276238
12034644854
12034276270
12034645201
12034336110
12034259794
12034259408
12034259441
12034334977
12396853174
12034259805
